3718.0  3735.0
3720.0  3737.0
3796.0  3802.0
3833.0  3841.0
3862.0  3871.0
3882.0  3891.0
3961.0  3973.0
4024.0  4030.0
4067.0  4070.0
4095.0  4107.0
4332.0  4346.0
4469.0  4475.0
4854.0  4868.0
4947.0  4968.0
4998.0  5019.0
5009.0  5022.0
5156.0  5164.0
5193.0  5202.0
5267.0  5274.0
5868.0  5883.0
6296.0  6303.0
6303.0  6315.0
6355.0  6372.0
6538.0  6594.0
6547.0  6576.0
6575.0  6594.0
6667.0  6681.0
6710.0  6743.0
6718.0  6743.0
7061.0  7072.0
7125.0  7142.0
7315.0  7329.0
7320.0  7335.0
5880.0  5906.0
3912.0	3952.0
4278.0	4318.0
5160.0  5192.0
